FLOAT x;

x = 3.40282346f+38;

y= -1.17549436f-38;
